0.02123689 0.00000000 14.87672043 -0.000978 -0.999999 -0.000978
0.02123689 0.00000000 14.87672043 -0.000978 -0.999999 -0.000978
0.02123689 0.00000000 14.87672043 -0.000978 -0.999999 -0.000978
0.02123689 0.00000000 14.87672043 -0.000978 -0.999999 -0.000978
0.02123689 0.00000000 14.87672043 -0.000978 -0.999999 -0.000978
0.02123689 0.00000000 14.87672043 -0.000978 -0.999999 -0.000978
0.02123689 0.00000000 14.87672043 -0.000978 -0.999999 -0.000978
0.02123689 0.00000000 14.87672043 -0.000978 -0.999999 -0.000978
0.02123689 0.00000000 14.87672043 -0.000978 -0.999999 -0.000978
0.02123689 0.00000000 14.87672043 -0.000978 -0.999999 -0.000978
0.02123689 0.00000000 14.87672043 -0.000978 -0.999999 -0.000978
0.02123689 0.00000000 14.87672043 -0.000978 -0.999999 -0.000978
0.02123689 0.00000000 14.87672043 -0.000978 -0.999999 -0.000978
0.02123689 0.00000000 14.87672043 -0.000978 -0.999999 -0.000978
0.02123689 0.00000000 14.87672043 -0.000978 -0.999999 -0.000978
0.02123689 0.00000000 14.87672043 -0.000978 -0.999999 -0.000978


凉面*1
蒜香鸡爪*1
蒜香卤拼*1
泡泡干*2
麻辣肉*2
毛豆*2

散装即可
地址：望城区境界城2栋2502，张成 17695879305abaabaababaabaabaababa